0.000000000000000000e+00
5.000000000000000278e-02
1.000000000000000056e-01
1.499999999999999944e-01
2.000000000000000111e-01
2.500000000000000000e-01
2.999999999999999889e-01
3.499999999999999778e-01
4.000000000000000222e-01
4.500000000000000111e-01
5.000000000000000000e-01
5.500000000000000444e-01
5.999999999999999778e-01
6.500000000000000222e-01
6.999999999999999556e-01
7.500000000000000000e-01
8.000000000000000444e-01
8.499999999999999778e-01
9.000000000000000222e-01
9.499999999999999556e-01
1.000000000000000000e+00
1.050000000000000044e+00
1.100000000000000089e+00
1.149999999999999911e+00
1.199999999999999956e+00
1.250000000000000000e+00
1.300000000000000044e+00
1.350000000000000089e+00
1.399999999999999911e+00
1.449999999999999956e+00
1.500000000000000000e+00
1.550000000000000044e+00
1.600000000000000089e+00
1.649999999999999911e+00
1.699999999999999956e+00
1.750000000000000000e+00
1.800000000000000044e+00
1.850000000000000089e+00
1.899999999999999911e+00
1.949999999999999956e+00
2.000000000000000000e+00
2.049999999999999822e+00
2.100000000000000089e+00
2.149999999999999911e+00
2.200000000000000178e+00
2.250000000000000000e+00
2.299999999999999822e+00
2.350000000000000089e+00
2.399999999999999911e+00
2.450000000000000178e+00
2.500000000000000000e+00
2.549999999999999822e+00
2.600000000000000089e+00
2.649999999999999911e+00
2.700000000000000178e+00
2.750000000000000000e+00
2.799999999999999822e+00
2.850000000000000089e+00
2.899999999999999911e+00
2.950000000000000178e+00
3.000000000000000000e+00
3.060000000000000053e+00
3.120000000000000107e+00
3.189999999999999947e+00
3.259999999999999787e+00
3.330000000000000071e+00
3.410000000000000142e+00
3.500000000000000000e+00
3.580000000000000071e+00
3.680000000000000160e+00
3.779999999999999805e+00
3.879999999999999893e+00
4.000000000000000000e+00
4.110000000000000320e+00
4.240000000000000213e+00
4.370000000000000107e+00
4.509999999999999787e+00
4.660000000000000142e+00
4.820000000000000284e+00
4.990000000000000213e+00
5.160000000000000142e+00
5.349999999999999645e+00
5.549999999999999822e+00
5.759999999999999787e+00
5.980000000000000426e+00
6.219999999999999751e+00
6.469999999999999751e+00
6.730000000000000426e+00
7.009999999999999787e+00
7.309999999999999609e+00
7.620000000000000107e+00
7.959999999999999964e+00
8.310000000000000497e+00
8.679999999999999716e+00
9.080000000000000071e+00
9.500000000000000000e+00
9.939999999999999503e+00
1.040000000000000036e+01
1.090000000000000036e+01
1.140000000000000036e+01
1.200000000000000000e+01
1.259999999999999964e+01
1.319999999999999929e+01
1.390000000000000036e+01
1.459999999999999964e+01
1.530000000000000071e+01
1.610000000000000142e+01
1.700000000000000000e+01
1.780000000000000071e+01
1.880000000000000071e+01
1.980000000000000071e+01
2.080000000000000071e+01
2.200000000000000000e+01
2.310000000000000142e+01
2.439999999999999858e+01
2.569999999999999929e+01
2.710000000000000142e+01
2.860000000000000142e+01
3.019999999999999929e+01
3.189999999999999858e+01
3.360000000000000142e+01
3.550000000000000000e+01
3.750000000000000000e+01
3.960000000000000142e+01
4.179999999999999716e+01
4.420000000000000284e+01
4.670000000000000284e+01
4.929999999999999716e+01
5.210000000000000142e+01
5.510000000000000142e+01
5.820000000000000284e+01
6.160000000000000142e+01
6.509999999999999432e+01
6.879999999999999716e+01
7.279999999999999716e+01
7.700000000000000000e+01
8.140000000000000568e+01
8.609999999999999432e+01
9.109999999999999432e+01
9.640000000000000568e+01
1.020000000000000000e+02
1.080000000000000000e+02
1.140000000000000000e+02
1.210000000000000000e+02
1.280000000000000000e+02
1.350000000000000000e+02
1.430000000000000000e+02
1.520000000000000000e+02
1.600000000000000000e+02
1.700000000000000000e+02
1.800000000000000000e+02
1.900000000000000000e+02
2.020000000000000000e+02
2.130000000000000000e+02
2.260000000000000000e+02
2.390000000000000000e+02
2.530000000000000000e+02
2.680000000000000000e+02
2.840000000000000000e+02
3.010000000000000000e+02
3.180000000000000000e+02
3.370000000000000000e+02
3.570000000000000000e+02
3.780000000000000000e+02
4.000000000000000000e+02
4.240000000000000000e+02
4.490000000000000000e+02
4.750000000000000000e+02
5.030000000000000000e+02
5.330000000000000000e+02
5.640000000000000000e+02
5.980000000000000000e+02
6.330000000000000000e+02
6.700000000000000000e+02
7.100000000000000000e+02
7.520000000000000000e+02
7.960000000000000000e+02
8.430000000000000000e+02
8.930000000000000000e+02
9.460000000000000000e+02
1.000000000000000000e+03
1.050000000000000000e+03
1.100000000000000000e+03
1.150000000000000000e+03
1.200000000000000000e+03
1.250000000000000000e+03
1.300000000000000000e+03
1.350000000000000000e+03
1.400000000000000000e+03
1.450000000000000000e+03
1.500000000000000000e+03
1.550000000000000000e+03
1.600000000000000000e+03
1.650000000000000000e+03
