8.480471436994146961e-02	2.104284906798457866e-01
8.902782143380058577e-02	4.467618926422782244e-01
3.929103612469983520e-02	7.574782794605583458e-01
4.115459945839843731e-02	9.601137591467795440e-01
1.960004197463340037e-01	9.741865474861426399e-01
3.386787587544206612e-01	9.496197101145752439e-01
3.975791015625013691e-01	9.530623879008344179e-01
4.180619341239499298e-01	9.692672864968449042e-01
4.236542155217822847e-01	9.871056895254253227e-01
4.314392341481886883e-01	9.963297188535915616e-01
4.414079196797339177e-01	1.000000000000000000e+00
4.534513487945028842e-01	9.988160753600642261e-01
4.698486353824405382e-01	9.910898004805431816e-01
4.834640070224328068e-01	9.826218495585146151e-01
4.910693218261040771e-01	9.792288629980159254e-01
4.958058174695207931e-01	9.792627177510713210e-01
4.994024169645883138e-01	9.817346066525601822e-01
5.009545620075119832e-01	9.880274671804598619e-01
5.044137367269571071e-01	9.941270447671116672e-01
5.147938693784358533e-01	9.965620099279574040e-01
5.323622511652713607e-01	9.966961362039579164e-01
5.643904201972032020e-01	9.867244239901792335e-01
5.890513924325359030e-01	9.772734190227204687e-01
6.073358050336221670e-01	9.686963666129766448e-01
6.161179002255224857e-01	9.649667579334554324e-01
6.247670251756118898e-01	9.576278637465390764e-01
6.372504485808248020e-01	9.422666612323912227e-01
6.515677124079959359e-01	9.209354847821913381e-01
6.727182289014979055e-01	8.887229941803522770e-01
6.944852669743358797e-01	8.533641406256911033e-01
7.180014210870966362e-01	8.134683916961559236e-01
7.427730574264616026e-01	7.690022724576016655e-01
7.542349548517093272e-01	7.414540468556335417e-01
7.522074864159739027e-01	7.233533652112732470e-01
7.408915238316687857e-01	7.166342678655392984e-01
7.223122076882797504e-01	7.301189998300567918e-01
6.997817133879953300e-01	7.609885308839908769e-01
6.735442096463096773e-01	8.018164061567072398e-01
6.504073061506667752e-01	8.428568018196450629e-01
6.427044676493459674e-01	8.667737317470267655e-01
6.427161356747013166e-01	8.753305596215229523e-01
6.429802422975293696e-01	8.783438820945246306e-01
6.465410251663981089e-01	8.728187228888510951e-01
6.501691574599960388e-01	8.616186104894063558e-01
6.457191185258615018e-01	8.496151691695785768e-01
6.512452614408656970e-01	8.322481332719763314e-01
6.593324782676791562e-01	8.180881241975082041e-01
6.634583347625635508e-01	8.141416637534226730e-01
6.653951795803493274e-01	8.168361306063828264e-01
6.669031387024449975e-01	8.276064760872523518e-01
6.584520624356181573e-01	8.556179741332445854e-01
6.458795556231181623e-01	8.945828788448118019e-01
6.400373165257066121e-01	9.238057663000873720e-01
6.453954980079277259e-01	9.350733689017434180e-01
6.586717319100391377e-01	9.316636209408584168e-01
6.713360799369554321e-01	9.231709503224247992e-01
6.828922474700416245e-01	9.090963145354877817e-01
7.020768879556070763e-01	8.783301721223791825e-01
7.208979247033086013e-01	8.428379753393628881e-01
7.383036695364818547e-01	8.116094673247581381e-01
7.538756664758192727e-01	7.847102314463402228e-01
7.644126261835675340e-01	7.685611286081434068e-01
7.740926606958883349e-01	7.586878337760095681e-01
7.863487697543057875e-01	7.513429458099635250e-01
7.945779053293686722e-01	7.501575054770551754e-01
7.940047115966774038e-01	7.599424168095374466e-01
7.838372955255764607e-01	7.847056491374451159e-01
7.789329694396484038e-01	7.978324312154109199e-01
7.747663221926278654e-01	8.044601839219018835e-01
7.703725040072472163e-01	8.075041617092912904e-01
7.608561729677323360e-01	8.114438547648931133e-01
7.447628026960934067e-01	8.105080200302787752e-01
7.187836350234618754e-01	8.052960761456611216e-01
6.815516324194574871e-01	8.074780391903607635e-01
6.565913113184255190e-01	8.084336546400112677e-01
6.481795532563882078e-01	8.034418020204507904e-01
6.413603253638127111e-01	8.047347247239381440e-01
6.410260141708229442e-01	8.061353686035821475e-01
6.513172604462388326e-01	8.036749102339343365e-01
6.726632834695442931e-01	7.981842273047409231e-01
7.004855068153901243e-01	7.880547102818070693e-01
7.333771899708647624e-01	7.687088638651616845e-01
7.577216653321514617e-01	7.574442569838097938e-01
7.806088742729421215e-01	7.472539891983296378e-01
8.026006526783319162e-01	7.342123519183757496e-01
8.221215105595554018e-01	7.179768955150979126e-01
8.277979112858255828e-01	7.099982406916075517e-01
8.314773258667672584e-01	6.984053601203316086e-01
8.310764732732421889e-01	6.806041868517429538e-01
8.239680594017105841e-01	6.566783329236206557e-01
8.219848828653013584e-01	6.242035173272736381e-01
8.236951168555513014e-01	5.986977469333660817e-01
8.212596972323255029e-01	5.830169270501119883e-01
8.233990099337497037e-01	5.724499030832682633e-01
8.309083859854903276e-01	5.651045496158488834e-01
8.410400708964365091e-01	5.623254521004031892e-01
8.577274403369371525e-01	5.645600616088296553e-01
8.870527963820372674e-01	5.700302377643678975e-01
9.170503967787483335e-01	5.809068817909015525e-01
9.293410899465187613e-01	6.045088979306704191e-01
9.303200925324655035e-01	6.313452996038925180e-01
9.221902678560577327e-01	6.491192109527827991e-01
9.154866409317747866e-01	6.566701981078978401e-01
8.989284711504611503e-01	6.624784084578463350e-01
8.455337180508856187e-01	6.737726452790936404e-01
8.353491657876399579e-01	6.482103661925922022e-01
8.346833716237215262e-01	6.391560822725835811e-01
8.367895003311025537e-01	6.333339935651742802e-01
8.458505674494898319e-01	6.285461200058783948e-01
8.570323304908671336e-01	6.265694396852219406e-01
8.727845889754461961e-01	6.160657667806966886e-01
8.840649099858030047e-01	6.037641650046390307e-01
9.010112998533866824e-01	5.828657896344869860e-01
9.368305199964376273e-01	5.379116215956529778e-01
9.737138040448325427e-01	4.859542266706434743e-01
9.936921536704134139e-01	4.551986325462835103e-01
1.000000000000000000e+00	4.444966374800031206e-01
9.983160656854220827e-01	4.425134124144976533e-01
9.882928249085565220e-01	4.501826470879127795e-01
9.775896934417831474e-01	4.535674904572097876e-01
9.568965307715955326e-01	4.613294119429066642e-01
9.341540652475275319e-01	4.646161094259211310e-01
9.109630181298702389e-01	4.654046997236860883e-01
8.997505327732885361e-01	4.558570660756691151e-01
9.028121151613751616e-01	4.407763274799482711e-01
9.109975712478852738e-01	4.246456350036446614e-01
9.190941089983254431e-01	4.117941612332480794e-01
9.328677616804922357e-01	3.971861663826746769e-01
9.383692828363687788e-01	3.903565179538109331e-01
9.398602034254736060e-01	3.867146696295803432e-01
9.386563768608562341e-01	3.839695640387460474e-01
9.336338379406315946e-01	3.814986213673281501e-01
9.176933122683194055e-01	3.812760772495460970e-01
8.956919039705528718e-01	3.794065505484773837e-01
8.767305072222635332e-01	3.695923135750683874e-01
8.596190670431892444e-01	3.501406349651688399e-01
8.359751210354100515e-01	3.289033773098529734e-01
8.030755704457045452e-01	3.194778333622581012e-01
7.918936151011871649e-01	3.077888619042934426e-01
7.885315191794816103e-01	2.976616015685242256e-01
7.834965397759081629e-01	2.942825186198068099e-01
7.815863048866124041e-01	2.913527445838258179e-01
7.779761561399882730e-01	2.915112243381196011e-01
7.712093312359358244e-01	2.982161156654938861e-01
7.612102518279494356e-01	3.074715650342010331e-01
7.465820537236100840e-01	3.219967181123322142e-01
7.290094756077997173e-01	3.354303569932320372e-01
7.168690055598795352e-01	3.429282799826980366e-01
7.159779501513356958e-01	3.423125443097822518e-01
7.175279403884878837e-01	3.390516466869827883e-01
7.256109059489517232e-01	3.233896422023764261e-01
7.336643181631388178e-01	3.052044780283399983e-01
7.386574430734005325e-01	2.833329733494505120e-01
7.387527080933158352e-01	2.628550816269787371e-01
7.360901335594250972e-01	2.471015155578777933e-01
7.332397877805870712e-01	2.340516253563704463e-01
7.296529978426636864e-01	2.252067341683636759e-01
7.216608350469524424e-01	2.218266402964684803e-01
7.061721117610453291e-01	2.249086950311043887e-01
6.747850944166770004e-01	2.326359477947400334e-01
6.362946931725108612e-01	2.420256660046239683e-01
6.240807551224962779e-01	2.342952620004920550e-01
6.184851752636066902e-01	2.251185232554301086e-01
6.149537852663430337e-01	2.177557783591366203e-01
6.038179592604412393e-01	2.195348992052761627e-01
5.700304139498590938e-01	2.377296291831505204e-01
5.594776069453639700e-01	2.461388310580920336e-01
5.526256564626848000e-01	2.537281636935045381e-01
5.544461014095392049e-01	2.581546496959480907e-01
5.668611417258440088e-01	2.562310041774438218e-01
6.169708257836103993e-01	2.244686160472256498e-01
6.448613010714481231e-01	1.999184090425832616e-01
6.538196052027938077e-01	1.861833811642200076e-01
6.589436324776051235e-01	1.771068809442947478e-01
6.481008219214027255e-01	1.675827232501257147e-01
6.169153938229851031e-01	1.719268205404866356e-01
5.991642866907185283e-01	1.714996775227460579e-01
5.835092815462091798e-01	1.718303781273436415e-01
5.687138719144817500e-01	1.723120694635666417e-01
5.606336053869470648e-01	1.621020302752047559e-01
5.633772006108973551e-01	1.476231692670241791e-01
5.687106256041186692e-01	1.380187752843482496e-01
5.785824594171754542e-01	1.287954356675057310e-01
5.887820892284260088e-01	1.181474314857348384e-01
5.938107763620563695e-01	1.078183592838272004e-01
5.952369313856151756e-01	1.018909634634406758e-01
5.895178092032611339e-01	9.858797814415069805e-02
5.681219020845820200e-01	9.694612503693975092e-02
5.226917755193103421e-01	1.035578434171357948e-01
5.063967381050524796e-01	9.846426445879474798e-02
4.993866999957494723e-01	9.582728241613024112e-02
4.952939375210101414e-01	9.791125748883390545e-02
4.930315405754877034e-01	1.030375893256135628e-01
5.060934756912244259e-01	1.018379820364272714e-01
